Total hour cost
min
----     54 VARIABLE z1.L                  =       90.000  

----     54 VARIABLE x.L  

4   1.000,    7   1.000,    10  1.000,    15  1.000,    16  1.000,    47  1.000
74  1.000,    78  1.000,    104 1.000

max
----     54 VARIABLE z1.L                  =       97.000  

----     54 VARIABLE x.L  

3   1.000,    8   1.000,    9   1.000,    15  1.000,    47  1.000,    75  1.000
102 1.000,    141 1.000,    192 1.000



Night JFK cost
----     54 VARIABLE z1.L                  =       26.000  

----     54 VARIABLE x.L  

4   1.000,    7   1.000,    10  1.000,    15  1.000,    16  1.000,    47  1.000
74  1.000,    78  1.000,    104 1.000


4   11,    7   11,    10  13,    15  11,    16  11,    47 8,    74  8,    78  6,    104 11