

----     56 VARIABLE z1.L                  =       42.000  

----     56 VARIABLE x.L  

34  1.000,    42  1.000,    49  1.000,    50  1.000,    56  1.000,    66  1.000
83  1.000,    97  1.000,    107 1.000,    160 1.000,    163 1.000,    212 1.000
216 1.000,    220 1.000,    228 1.000,    240 1.000,    258 1.000,    269 1.000
276 1.000,    286 1.000,    326 1.000,    334 1.000,    360 1.000,    366 1.000
373 1.000,    374 1.000,    390 1.000,    431 1.000,    455 1.000,    461 1.000
468 1.000,    483 1.000,    490 1.000,    541 1.000,    552 1.000,    565 1.000

